index,time_window,label,matched_eqs,total_eq
0,2010-10-01 00:39:48.736,0,[],0
1,2010-10-01 03:56:54.884,0,[],0
2,2010-10-01 05:34:55.023,0,[],0
3,2010-10-01 07:13:25.042,0,[],0
4,2010-10-01 08:50:18.763,0,[],0
5,2010-10-01 10:29:20.230,1,"[{'lat': -58.853, 'long': -25.294, 'Time': Timestamp('2010-10-01 10:51:37'), 'mag': 5.0}]",1
6,2010-10-01 13:48:17.282,0,[],0
7,2010-10-01 15:26:53.302,0,[],0
8,2010-10-01 17:04:53.239,0,[],0
9,2010-10-01 18:41:53.266,0,[],0
10,2010-10-01 20:15:50.613,0,[],0
11,2010-10-01 21:55:24.279,1,"[{'lat': 52.73, 'long': -167.004, 'Time': Timestamp('2010-10-03 08:10:21'), 'mag': 5.1}, {'lat': 52.73, 'long': -167.004, 'Time': Timestamp('2010-10-03 08:10:21'), 'mag': 5.1}]",2
12,2010-10-01 23:32:23.345,0,[],0
13,2010-10-02 01:09:51.686,1,"[{'lat': -6.559, 'long': 128.751, 'Time': Timestamp('2010-10-02 11:29:05'), 'mag': 5.5}, {'lat': -5.812, 'long': 127.498, 'Time': Timestamp('2010-10-03 13:04:43'), 'mag': 5.2}]",2
14,2010-10-02 04:26:52.946,0,[],0
15,2010-10-02 06:04:55.629,0,[],0
16,2010-10-02 07:43:15.700,0,[],0
17,2010-10-02 09:20:17.836,0,[],0
18,2010-10-02 11:00:23.533,0,[],0
19,2010-10-02 12:39:53.560,0,[],0
20,2010-10-02 14:18:52.225,0,[],0
21,2010-10-02 15:56:53.614,0,[],0
22,2010-10-02 17:34:53.640,0,[],0
23,2010-10-02 19:11:53.667,1,"[{'lat': 49.357, 'long': -129.315, 'Time': Timestamp('2010-10-04 14:51:54'), 'mag': 5.3}]",1
24,2010-10-02 22:25:23.719,1,"[{'lat': 52.73, 'long': -167.004, 'Time': Timestamp('2010-10-03 08:10:21'), 'mag': 5.1}, {'lat': -16.647, 'long': 167.511, 'Time': Timestamp('2010-10-03 07:31:04'), 'mag': 5.2}]",2
25,2010-10-03 00:02:18.512,1,"[{'lat': 48.046, 'long': 153.925, 'Time': Timestamp('2010-10-04 14:35:27'), 'mag': 5.2}]",1
26,2010-10-03 04:56:53.347,0,[],0
27,2010-10-03 06:34:54.824,0,[],0
28,2010-10-03 08:11:52.194,0,[],0
29,2010-10-03 09:51:21.005,0,[],0
30,2010-10-03 11:30:53.933,0,[],0
31,2010-10-03 13:10:23.961,0,[],0
32,2010-10-03 14:48:54.401,1,"[{'lat': -14.81, 'long': -75.911, 'Time': Timestamp('2010-10-04 05:11:30'), 'mag': 5.2}]",1
33,2010-10-03 16:26:54.014,0,[],0
34,2010-10-03 18:04:40.403,0,[],0
35,2010-10-03 19:41:24.067,1,"[{'lat': 49.357, 'long': -129.315, 'Time': Timestamp('2010-10-04 14:51:54'), 'mag': 5.3}]",1
36,2010-10-03 21:17:26.933,1,"[{'lat': -20.857, 'long': -177.768, 'Time': Timestamp('2010-10-05 03:36:47'), 'mag': 5.4}, {'lat': -20.857, 'long': -177.768, 'Time': Timestamp('2010-10-05 03:36:47'), 'mag': 5.4}, {'lat': -30.129, 'long': -177.982, 'Time': Timestamp('2010-10-04 00:06:01'), 'mag': 5.0}, {'lat': -43.606, 'long': 172.572, 'Time': Timestamp('2010-10-04 09:21:49'), 'mag': 5.1}]",4
37,2010-10-03 22:54:53.120,0,[],0
38,2010-10-04 00:32:20.681,1,"[{'lat': 48.046, 'long': 153.925, 'Time': Timestamp('2010-10-04 14:35:27'), 'mag': 5.2}, {'lat': 25.487, 'long': 141.104, 'Time': Timestamp('2010-10-05 05:45:47'), 'mag': 5.1}]",2
39,2010-10-04 03:48:58.044,0,[],0
40,2010-10-04 05:26:54.198,0,[],0
41,2010-10-04 07:05:22.451,0,[],0
42,2010-10-04 08:42:20.267,0,[],0
43,2010-10-04 10:21:51.957,1,"[{'lat': -57.315, 'long': -24.385, 'Time': Timestamp('2010-10-05 23:42:37'), 'mag': 5.1}]",1
44,2010-10-04 12:01:23.335,0,[],0
45,2010-10-04 13:40:23.361,0,[],0
46,2010-10-04 16:56:53.415,0,[],0
47,2010-10-04 18:34:17.996,0,[],0
48,2010-10-04 20:07:50.789,0,[],0
49,2010-10-04 21:47:53.126,0,[],0
50,2010-10-04 23:24:53.521,1,"[{'lat': -4.73, 'long': 153.388, 'Time': Timestamp('2010-10-05 20:29:47'), 'mag': 5.1}, {'lat': -6.684, 'long': 154.854, 'Time': Timestamp('2010-10-05 00:32:02'), 'mag': 5.1}, {'lat': -3.416, 'long': 150.976, 'Time': Timestamp('2010-10-05 19:22:04'), 'mag': 5.3}, {'lat': -4.73, 'long': 153.388, 'Time': Timestamp('2010-10-05 20:29:47'), 'mag': 5.1}, {'lat': -6.024, 'long': 150.854, 'Time': Timestamp('2010-10-06 21:07:12'), 'mag': 5.2}]",5
51,2010-10-05 01:01:51.862,1,"[{'lat': 25.487, 'long': 141.104, 'Time': Timestamp('2010-10-05 05:45:47'), 'mag': 5.1}]",1
52,2010-10-05 04:19:01.324,0,[],0
53,2010-10-05 07:35:18.755,0,[],0
54,2010-10-05 10:52:23.709,0,[],0
55,2010-10-05 12:31:53.736,0,[],0
56,2010-10-05 14:10:53.618,0,[],0
57,2010-10-05 15:49:23.789,0,[],0
58,2010-10-05 17:26:53.816,0,[],0
59,2010-10-05 19:03:53.842,0,[],0
60,2010-10-05 22:17:23.896,0,[],0
61,2010-10-05 23:54:17.248,1,"[{'lat': -6.024, 'long': 150.854, 'Time': Timestamp('2010-10-06 21:07:12'), 'mag': 5.2}]",1
62,2010-10-06 01:31:51.482,1,"[{'lat': 6.626, 'long': 124.837, 'Time': Timestamp('2010-10-06 21:57:41'), 'mag': 5.3}, {'lat': 6.626, 'long': 124.837, 'Time': Timestamp('2010-10-06 21:57:41'), 'mag': 5.3}, {'lat': 1.038, 'long': 124.395, 'Time': Timestamp('2010-10-07 01:42:51'), 'mag': 5.1}, {'lat': 1.038, 'long': 124.395, 'Time': Timestamp('2010-10-07 01:42:51'), 'mag': 5.1}]",4
63,2010-10-06 03:11:20.293,0,[],0
64,2010-10-06 04:48:57.619,0,[],0
65,2010-10-06 06:27:18.237,0,[],0
66,2010-10-06 08:03:49.602,0,[],0
67,2010-10-06 09:43:24.631,0,[],0
68,2010-10-06 11:22:53.464,0,[],0
69,2010-10-06 13:02:23.491,0,[],0
70,2010-10-06 14:41:25.260,0,[],0
71,2010-10-06 16:19:23.545,0,[],0
72,2010-10-06 17:56:53.572,0,[],0
73,2010-10-06 19:33:23.598,0,[],0
74,2010-10-06 21:09:23.144,0,[],0
75,2010-10-06 22:47:23.651,0,[],0
76,2010-10-07 00:24:22.539,0,[],0
77,2010-10-07 05:19:24.841,1,"[{'lat': -18.644, 'long': 65.492, 'Time': Timestamp('2010-10-07 20:58:52'), 'mag': 5.0}, {'lat': -18.619, 'long': 65.35, 'Time': Timestamp('2010-10-07 21:03:11'), 'mag': 5.0}]",2
78,2010-10-07 06:57:27.077,0,[],0
79,2010-10-07 08:34:20.798,0,[],0
80,2010-10-07 10:13:50.936,1,"[{'lat': -58.876, 'long': -25.708, 'Time': Timestamp('2010-10-08 10:15:38'), 'mag': 5.1}]",1
81,2010-10-07 13:32:54.853,0,[],0
82,2010-10-07 15:11:19.020,1,"[{'lat': -2.644, 'long': -76.652, 'Time': Timestamp('2010-10-09 14:04:47'), 'mag': 5.2}]",1
83,2010-10-07 16:49:23.946,0,[],0
84,2010-10-07 18:26:18.526,1,"[{'lat': -57.683, 'long': -147.913, 'Time': Timestamp('2010-10-07 22:28:59'), 'mag': 5.1}]",1
85,2010-10-07 20:00:21.431,0,[],0
86,2010-10-07 21:38:52.106,0,[],0
87,2010-10-07 23:16:54.052,0,[],0
88,2010-10-08 00:54:22.833,0,[],0
89,2010-10-08 04:11:25.543,0,[],0
90,2010-10-08 05:49:24.007,0,[],0
91,2010-10-08 07:27:53.376,0,[],0
92,2010-10-08 09:04:51.639,1,"[{'lat': 38.169, 'long': 22.744, 'Time': Timestamp('2010-10-09 19:04:49'), 'mag': 5.1}]",1
93,2010-10-08 14:02:47.724,0,[],0
94,2010-10-08 15:41:21.523,1,"[{'lat': 10.211, 'long': -84.293, 'Time': Timestamp('2010-10-09 01:54:04'), 'mag': 5.8}, {'lat': 10.211, 'long': -84.293, 'Time': Timestamp('2010-10-09 01:54:04'), 'mag': 5.8}]",2
95,2010-10-08 17:18:53.347,0,[],0
96,2010-10-08 18:56:23.373,0,[],0
97,2010-10-08 20:31:56.904,0,[],0
98,2010-10-08 22:09:53.426,1,"[{'lat': 51.154, 'long': -174.99, 'Time': Timestamp('2010-10-08 23:32:22'), 'mag': 5.2}, {'lat': 51.44, 'long': -175.248, 'Time': Timestamp('2010-10-10 06:08:14'), 'mag': 5.5}, {'lat': 51.263, 'long': -175.159, 'Time': Timestamp('2010-10-10 06:25:27'), 'mag': 5.2}]",3
99,2010-10-08 23:46:53.452,0,[],0
100,2010-10-09 03:03:22.480,0,[],0
101,2010-10-09 04:41:23.053,0,[],0
102,2010-10-09 06:19:23.080,0,[],0
103,2010-10-09 07:57:49.792,0,[],0
104,2010-10-09 12:54:23.667,0,[],0
105,2010-10-09 14:33:21.339,0,[],0
106,2010-10-09 16:11:23.721,0,[],0
107,2010-10-09 17:48:53.748,0,[],0
108,2010-10-09 19:25:53.774,0,[],0
109,2010-10-09 21:01:56.088,0,[],0
110,2010-10-09 22:39:23.827,1,"[{'lat': 51.44, 'long': -175.248, 'Time': Timestamp('2010-10-10 06:08:14'), 'mag': 5.5}, {'lat': 51.263, 'long': -175.159, 'Time': Timestamp('2010-10-10 06:25:27'), 'mag': 5.2}]",2
111,2010-10-10 00:16:21.175,0,[],0
112,2010-10-10 05:11:26.344,0,[],0
113,2010-10-10 06:49:23.157,0,[],0
114,2010-10-10 08:26:19.646,0,[],0
115,2010-10-10 10:05:49.784,0,[],0
116,2010-10-10 11:45:24.041,0,[],0
117,2010-10-10 13:24:54.068,0,[],0
118,2010-10-10 15:03:25.000,0,[],0
119,2010-10-10 16:41:23.122,0,[],0
120,2010-10-10 18:18:49.030,0,[],0
121,2010-10-10 19:55:23.175,0,[],0
122,2010-10-10 21:31:24.273,1,"[{'lat': -20.457, 'long': -174.205, 'Time': Timestamp('2010-10-12 12:01:07'), 'mag': 5.9}, {'lat': -20.425, 'long': -174.065, 'Time': Timestamp('2010-10-12 12:02:55'), 'mag': 5.9}]",2
123,2010-10-10 23:09:23.227,0,[],0
124,2010-10-11 00:46:20.788,1,"[{'lat': -4.915, 'long': 133.71, 'Time': Timestamp('2010-10-12 10:21:36'), 'mag': 5.9}]",1
125,2010-10-11 04:03:31.031,0,[],0
126,2010-10-11 05:41:25.634,0,[],0
127,2010-10-11 07:19:55.326,0,[],0
128,2010-10-11 08:56:51.815,0,[],0
129,2010-10-11 10:36:23.281,0,[],0
130,2010-10-11 12:15:53.442,0,[],0
131,2010-10-11 13:54:49.005,0,[],0
132,2010-10-11 15:33:23.586,0,[],0
133,2010-10-11 17:11:23.523,0,[],0
134,2010-10-11 18:48:22.311,0,[],0
135,2010-10-11 20:22:20.896,0,[],0
136,2010-10-11 22:01:53.602,0,[],0
137,2010-10-11 23:38:53.629,0,[],0
138,2010-10-12 01:16:21.970,0,[],0
139,2010-10-12 04:33:23.229,1,"[{'lat': -26.185, 'long': 70.873, 'Time': Timestamp('2010-10-12 04:59:03'), 'mag': 5.0}, {'lat': -26.12, 'long': 70.786, 'Time': Timestamp('2010-10-12 05:05:42'), 'mag': 5.1}, {'lat': -26.185, 'long': 70.873, 'Time': Timestamp('2010-10-12 04:59:03'), 'mag': 5.0}, {'lat': -26.12, 'long': 70.786, 'Time': Timestamp('2010-10-12 05:05:42'), 'mag': 5.1}]",4
140,2010-10-12 07:49:49.968,0,[],0
141,2010-10-12 09:27:20.887,0,[],0
142,2010-10-12 11:06:53.816,0,[],0
143,2010-10-12 12:46:23.843,0,[],0
144,2010-10-12 14:25:20.076,0,[],0
145,2010-10-12 16:03:23.897,0,[],0
146,2010-10-12 17:40:53.923,0,[],0
147,2010-10-12 19:17:51.494,0,[],0
148,2010-10-12 22:31:54.003,1,"[{'lat': -13.805, 'long': 167.739, 'Time': Timestamp('2010-10-13 23:32:49'), 'mag': 5.0}, {'lat': -13.805, 'long': 167.739, 'Time': Timestamp('2010-10-13 23:32:49'), 'mag': 5.0}]",2
149,2010-10-13 00:08:48.795,0,[],0
150,2010-10-13 05:03:25.521,0,[],0
151,2010-10-13 06:41:56.429,1,"[{'lat': -10.32, 'long': 42.783, 'Time': Timestamp('2010-10-14 10:03:30'), 'mag': 5.1}]",1
152,2010-10-13 08:18:20.150,0,[],0
153,2010-10-13 09:57:50.648,0,[],0
154,2010-10-13 11:37:20.776,0,[],0
155,2010-10-13 16:33:23.658,0,[],0
156,2010-10-13 18:10:49.566,0,[],0
157,2010-10-13 19:47:53.711,0,[],0
158,2010-10-13 21:23:24.809,0,[],0
159,2010-10-13 23:01:23.763,0,[],0
160,2010-10-14 00:38:18.556,1,"[{'lat': 42.311, 'long': 142.871, 'Time': Timestamp('2010-10-14 13:58:55'), 'mag': 5.6}]",1
161,2010-10-14 03:55:24.703,1,"[{'lat': 3.663, 'long': 95.389, 'Time': Timestamp('2010-10-15 12:43:54'), 'mag': 5.0}]",1
162,2010-10-14 05:33:28.937,0,[],0
163,2010-10-14 07:11:53.093,1,"[{'lat': -10.32, 'long': 42.783, 'Time': Timestamp('2010-10-14 10:03:30'), 'mag': 5.1}]",1
164,2010-10-14 08:48:50.910,0,[],0
165,2010-10-14 10:28:21.049,0,[],0
166,2010-10-14 12:07:53.978,1,"[{'lat': 47.006, 'long': -27.219, 'Time': Timestamp('2010-10-15 17:54:02'), 'mag': 5.1}]",1
167,2010-10-14 13:47:21.316,0,[],0
168,2010-10-14 15:25:52.793,0,[],0
169,2010-10-14 17:03:24.059,0,[],0
170,2010-10-14 18:40:23.085,0,[],0
171,2010-10-14 20:14:20.432,0,[],0
172,2010-10-14 21:54:22.546,0,[],0
173,2010-10-14 23:31:23.164,0,[],0
174,2010-10-15 01:08:21.506,1,"[{'lat': -7.366, 'long': 125.699, 'Time': Timestamp('2010-10-16 15:44:30'), 'mag': 5.9}, {'lat': -7.366, 'long': 125.699, 'Time': Timestamp('2010-10-16 15:44:30'), 'mag': 5.9}]",2
175,2010-10-15 04:25:22.765,0,[],0
176,2010-10-15 06:03:25.448,0,[],0
177,2010-10-15 07:41:48.064,0,[],0
178,2010-10-15 09:19:21.751,0,[],0
179,2010-10-15 10:58:53.351,0,[],0
180,2010-10-15 12:38:23.379,1,"[{'lat': 47.006, 'long': -27.219, 'Time': Timestamp('2010-10-15 17:54:02'), 'mag': 5.1}]",1
181,2010-10-15 14:17:19.277,0,[],0
182,2010-10-15 15:55:53.433,1,"[{'lat': 14.079, 'long': -91.37, 'Time': Timestamp('2010-10-15 23:41:06'), 'mag': 5.0}]",1
183,2010-10-15 17:33:20.334,0,[],0
184,2010-10-15 19:10:23.486,0,[],0
185,2010-10-15 20:47:22.921,0,[],0
186,2010-10-15 22:23:53.538,1,"[{'lat': -55.585, 'long': 158.365, 'Time': Timestamp('2010-10-16 13:51:39'), 'mag': 5.1}]",1
187,2010-10-16 00:00:45.563,1,"[{'lat': -0.104, 'long': 149.715, 'Time': Timestamp('2010-10-17 16:24:46'), 'mag': 5.0}]",1
188,2010-10-16 01:38:25.221,1,"[{'lat': -7.366, 'long': 125.699, 'Time': Timestamp('2010-10-16 15:44:30'), 'mag': 5.9}]",1
189,2010-10-16 03:17:54.032,1,"[{'lat': 28.031, 'long': 104.212, 'Time': Timestamp('2010-10-17 21:49:42'), 'mag': 5.0}]",1
190,2010-10-16 04:55:32.574,0,[],0
191,2010-10-16 06:33:53.315,0,[],0
192,2010-10-16 08:10:22.013,0,[],0
193,2010-10-16 09:49:53.725,0,[],0
194,2010-10-16 11:29:23.752,0,[],0
195,2010-10-16 13:08:53.780,0,[],0
196,2010-10-16 14:47:52.345,0,[],0
197,2010-10-16 16:25:53.833,0,[],0
198,2010-10-16 18:02:53.860,0,[],0
199,2010-10-16 19:39:53.886,0,[],0
200,2010-10-16 21:16:53.913,0,[],0
201,2010-10-16 22:53:53.939,0,[],0
202,2010-10-17 00:30:53.966,0,[],0
203,2010-10-17 03:47:54.109,1,"[{'lat': 12.964, 'long': 92.355, 'Time': Timestamp('2010-10-17 10:15:11'), 'mag': 5.0}]",1
204,2010-10-17 05:25:56.926,0,[],0
205,2010-10-17 07:03:56.952,0,[],0
206,2010-10-17 08:40:53.099,0,[],0
207,2010-10-17 10:20:19.008,0,[],0
208,2010-10-17 11:59:53.153,0,[],0
209,2010-10-17 13:39:23.180,0,[],0
210,2010-10-17 15:17:51.746,0,[],0
211,2010-10-17 16:55:23.234,0,[],0
212,2010-10-17 18:32:53.261,0,[],0
213,2010-10-17 20:09:53.287,0,[],0
214,2010-10-17 21:46:23.313,0,[],0
215,2010-10-17 23:23:23.340,0,[],0
216,2010-10-18 04:17:56.300,0,[],0
217,2010-10-18 05:55:54.295,0,[],0
218,2010-10-18 07:34:23.675,0,[],0
219,2010-10-18 09:11:23.500,0,[],0
220,2010-10-18 10:50:53.528,0,[],0
221,2010-10-18 12:30:23.554,0,[],0
222,2010-10-18 14:09:23.582,0,[],0
223,2010-10-18 15:47:52.369,0,[],0
224,2010-10-18 17:25:23.635,1,"[{'lat': 24.54, 'long': -109.098, 'Time': Timestamp('2010-10-20 04:09:42'), 'mag': 5.9}, {'lat': 24.466, 'long': -109.144, 'Time': Timestamp('2010-10-20 04:15:34'), 'mag': 5.9}, {'lat': 24.471, 'long': -109.026, 'Time': Timestamp('2010-10-20 06:58:13'), 'mag': 5.8}, {'lat': -11.676, 'long': -111.948, 'Time': Timestamp('2010-10-20 17:13:28'), 'mag': 5.1}, {'lat': -23.552, 'long': -115.185, 'Time': Timestamp('2010-10-19 07:33:57'), 'mag': 5.0}, {'lat': -23.419, 'long': -115.191, 'Time': Timestamp('2010-10-19 11:11:17'), 'mag': 5.0}, {'lat': -23.75, 'long': -115.25, 'Time': Timestamp('2010-10-19 11:16:40'), 'mag': 5.0}]",7
225,2010-10-18 19:02:23.662,0,[],0
226,2010-10-18 20:39:23.688,0,[],0
227,2010-10-18 22:16:23.715,0,[],0
228,2010-10-18 23:53:23.741,1,"[{'lat': 55.141, 'long': 160.172, 'Time': Timestamp('2010-10-19 10:06:12'), 'mag': 5.0}]",1
229,2010-10-19 03:09:54.877,0,[],0
230,2010-10-19 04:47:56.701,0,[],0
231,2010-10-19 06:25:53.480,0,[],0
232,2010-10-19 08:04:25.515,0,[],0
233,2010-10-19 09:41:53.901,0,[],0
234,2010-10-19 11:21:23.928,0,[],0
235,2010-10-19 13:00:53.956,0,[],0
236,2010-10-19 14:39:52.521,1,"[{'lat': -34.737, 'long': -73.726, 'Time': Timestamp('2010-10-21 02:49:55'), 'mag': 5.9}]",1
237,2010-10-19 16:17:54.009,0,[],0
238,2010-10-19 17:55:24.036,0,[],0
239,2010-10-19 19:32:24.062,0,[],0
240,2010-10-19 21:08:53.089,1,"[{'lat': -20.405, 'long': -173.72, 'Time': Timestamp('2010-10-20 14:35:53'), 'mag': 5.0}, {'lat': -20.209, 'long': -174.014, 'Time': Timestamp('2010-10-21 13:56:26'), 'mag': 5.0}, {'lat': -25.78, 'long': -177.639, 'Time': Timestamp('2010-10-21 07:25:43'), 'mag': 5.1}, {'lat': -33.351, 'long': -178.501, 'Time': Timestamp('2010-10-21 11:11:06'), 'mag': 5.0}, {'lat': -33.404, 'long': -178.732, 'Time': Timestamp('2010-10-21 11:50:31'), 'mag': 5.1}]",5
241,2010-10-19 22:45:53.115,0,[],0
242,2010-10-20 00:22:53.141,0,[],0
243,2010-10-20 03:39:54.501,0,[],0
244,2010-10-20 05:17:56.102,0,[],0
245,2010-10-20 06:55:52.445,0,[],0
246,2010-10-20 08:32:53.275,0,[],0
247,2010-10-20 10:12:20.763,0,[],0
248,2010-10-20 11:51:53.691,0,[],0
249,2010-10-20 13:31:22.023,0,[],0
250,2010-10-20 15:09:48.846,0,[],0
251,2010-10-20 16:47:53.772,0,[],0
252,2010-10-20 18:24:49.680,0,[],0
253,2010-10-20 20:01:53.825,0,[],0
254,2010-10-20 21:38:52.043,0,[],0
255,2010-10-20 23:15:53.878,0,[],0
256,2010-10-21 00:52:48.235,0,[],0
257,2010-10-21 04:09:54.929,0,[],0
258,2010-10-21 05:47:56.161,0,[],0
259,2010-10-21 07:26:24.202,0,[],0
260,2010-10-21 09:03:22.465,0,[],0
261,2010-10-21 15:39:51.796,0,[],0
262,2010-10-21 17:17:53.173,1,"[{'lat': 24.696, 'long': -109.156, 'Time': Timestamp('2010-10-21 17:53:13'), 'mag': 6.7}, {'lat': 24.696, 'long': -109.156, 'Time': Timestamp('2010-10-21 17:53:13'), 'mag': 6.7}, {'lat': 24.752, 'long': -109.26, 'Time': Timestamp('2010-10-21 17:59:00'), 'mag': 5.3}]",3
263,2010-10-21 18:54:53.199,0,[],0
264,2010-10-21 20:31:23.225,0,[],0
265,2010-10-21 22:08:23.252,0,[],0
266,2010-10-21 23:45:23.278,0,[],0
267,2010-10-22 01:22:53.049,1,"[{'lat': 9.273, 'long': 125.726, 'Time': Timestamp('2010-10-23 18:37:56'), 'mag': 5.1}]",1
268,2010-10-22 04:40:02.288,0,[],0
269,2010-10-22 06:17:48.810,0,[],0
270,2010-10-22 07:56:19.618,0,[],0
271,2010-10-22 09:33:50.538,0,[],0
272,2010-10-22 11:13:23.466,0,[],0
273,2010-10-22 12:52:53.125,0,[],0
274,2010-10-22 14:31:52.494,1,"[{'lat': -29.593, 'long': -71.112, 'Time': Timestamp('2010-10-23 01:38:14'), 'mag': 5.6}, {'lat': -37.743, 'long': -73.362, 'Time': Timestamp('2010-10-23 05:58:27'), 'mag': 5.5}, {'lat': -36.779, 'long': -73.41, 'Time': Timestamp('2010-10-23 10:56:59'), 'mag': 5.1}]",3
275,2010-10-22 16:09:53.547,0,[],0
276,2010-10-22 17:47:23.573,0,[],0
277,2010-10-22 19:24:23.600,0,[],0
278,2010-10-22 22:38:23.653,1,"[{'lat': -19.612, 'long': 168.129, 'Time': Timestamp('2010-10-24 09:11:07'), 'mag': 5.1}]",1
279,2010-10-23 00:15:18.445,0,[],0
280,2010-10-23 03:31:57.249,0,[],0
281,2010-10-23 05:09:56.171,0,[],0
282,2010-10-23 06:48:27.079,0,[],0
283,2010-10-23 08:24:53.813,0,[],0
284,2010-10-23 10:04:19.610,0,[],0
285,2010-10-23 11:43:53.867,0,[],0
286,2010-10-23 13:23:22.198,0,[],0
287,2010-10-23 15:01:47.582,0,[],0
288,2010-10-23 16:39:53.948,1,"[{'lat': -34.791, 'long': -108.103, 'Time': Timestamp('2010-10-23 23:31:11'), 'mag': 5.3}, {'lat': -34.791, 'long': -108.103, 'Time': Timestamp('2010-10-23 23:31:11'), 'mag': 5.3}]",2
289,2010-10-23 18:17:19.856,0,[],0
290,2010-10-23 19:54:24.001,0,[],0
291,2010-10-23 21:30:50.892,0,[],0
292,2010-10-23 23:07:54.054,1,"[{'lat': -5.447, 'long': 154.231, 'Time': Timestamp('2010-10-24 23:15:49'), 'mag': 5.3}]",1
293,2010-10-24 00:44:50.614,0,[],0
294,2010-10-28 09:17:51.582,0,[],0
295,2010-10-28 10:57:23.183,1,"[{'lat': -0.456, 'long': -19.984, 'Time': Timestamp('2010-10-28 21:41:14'), 'mag': 5.1}, {'lat': -0.456, 'long': -19.984, 'Time': Timestamp('2010-10-28 21:41:14'), 'mag': 5.1}]",2
296,2010-10-28 12:36:52.842,0,[],0
297,2010-10-28 14:15:49.107,1,"[{'lat': -29.454, 'long': -71.736, 'Time': Timestamp('2010-10-29 14:11:51'), 'mag': 5.2}]",1
298,2010-10-28 15:54:22.136,0,[],0
299,2010-10-28 17:31:53.290,0,[],0
300,2010-10-28 19:08:53.316,0,[],0
301,2010-10-28 20:44:54.872,0,[],0
302,2010-10-28 22:22:23.370,1,"[{'lat': -11.315, 'long': 166.239, 'Time': Timestamp('2010-10-29 06:13:32'), 'mag': 5.0}]",1
303,2010-10-28 23:59:19.490,0,[],0
304,2010-10-29 03:16:19.767,1,"[{'lat': -3.423, 'long': 99.648, 'Time': Timestamp('2010-10-29 18:05:23'), 'mag': 5.0}]",1
305,2010-10-29 04:54:32.405,0,[],0
306,2010-10-29 06:32:23.146,0,[],0
307,2010-10-29 08:10:54.724,0,[],0
308,2010-10-29 09:48:24.751,0,[],0
309,2010-10-29 11:27:53.584,0,[],0
310,2010-10-29 13:07:21.914,0,[],0
311,2010-10-29 16:24:23.664,0,[],0
312,2010-10-29 18:01:52.341,1,"[{'lat': -56.586, 'long': -142.292, 'Time': Timestamp('2010-10-30 15:18:33'), 'mag': 6.4}]",1
313,2010-10-29 19:38:23.718,0,[],0
314,2010-10-29 22:52:23.771,0,[],0
315,2010-10-30 00:29:22.659,1,"[{'lat': 46.743, 'long': 153.335, 'Time': Timestamp('2010-10-30 22:43:53'), 'mag': 5.1}]",1
316,2010-10-30 05:24:24.849,0,[],0
317,2010-10-30 07:02:23.101,0,[],0
318,2010-10-30 08:39:20.917,0,[],0
319,2010-10-30 10:18:49.839,0,[],0
320,2010-10-30 11:58:23.985,0,[],0
321,2010-10-30 13:37:55.084,0,[],0
322,2010-10-30 15:16:26.003,0,[],0
323,2010-10-30 16:54:24.066,0,[],0
324,2010-10-30 18:31:17.646,0,[],0
325,2010-10-30 20:08:22.527,0,[],0
326,2010-10-30 21:44:53.145,1,"[{'lat': -23.852, 'long': 179.95, 'Time': Timestamp('2010-10-31 09:58:10'), 'mag': 5.0}]",1
327,2010-10-30 23:21:53.171,0,[],0
328,2010-10-31 00:59:20.184,0,[],0
329,2010-10-31 04:16:28.319,0,[],0
330,2010-10-31 05:54:24.361,0,[],0
331,2010-10-31 07:32:55.269,0,[],0
332,2010-10-31 09:09:50.430,0,[],0
333,2010-10-31 10:49:23.358,0,[],0
334,2010-10-31 12:28:52.906,0,[],0
335,2010-10-31 14:07:48.837,0,[],0
336,2010-10-31 15:46:23.529,0,[],0
337,2010-10-31 17:23:53.466,0,[],0
338,2010-10-31 19:00:53.492,0,[],0
339,2010-10-31 20:36:53.832,0,[],0
340,2010-10-31 22:14:53.545,0,[],0
341,2010-10-31 23:51:49.666,1,"[{'lat': -6.37, 'long': 150.22, 'Time': Timestamp('2010-11-01 05:16:34'), 'mag': 5.5}, {'lat': -5.355, 'long': 151.556, 'Time': Timestamp('2010-11-02 06:39:55'), 'mag': 5.8}]",2
342,2010-11-01 03:08:24.485,0,[],0
343,2010-11-01 04:46:23.173,0,[],0
344,2010-11-01 06:24:24.650,0,[],0
345,2010-11-01 08:02:55.447,0,[],0
346,2010-11-01 09:40:24.927,0,[],0
347,2010-11-01 11:19:53.760,0,[],0
348,2010-11-01 12:59:23.419,0,[],0
349,2010-11-01 14:38:21.459,1,"[{'lat': -13.699, 'long': -76.097, 'Time': Timestamp('2010-11-03 10:45:22'), 'mag': 5.0}]",1
350,2010-11-01 16:16:23.840,1,"[{'lat': 16.738, 'long': -93.793, 'Time': Timestamp('2010-11-01 23:16:46'), 'mag': 5.6}, {'lat': 16.738, 'long': -93.793, 'Time': Timestamp('2010-11-01 23:16:46'), 'mag': 5.6}]",2
351,2010-11-01 17:53:53.867,0,[],0
352,2010-11-01 19:30:53.893,0,[],0
353,2010-11-01 21:07:23.552,0,[],0
354,2010-11-01 22:44:23.946,0,[],0
355,2010-11-02 00:21:22.834,0,[],0
356,2010-11-02 03:38:27.542,0,[],0
357,2010-11-02 05:16:26.464,0,[],0
358,2010-11-02 06:54:26.372,0,[],0
359,2010-11-02 08:31:20.093,1,"[{'lat': 40.423, 'long': 26.333, 'Time': Timestamp('2010-11-03 02:51:27'), 'mag': 5.3}]",1
360,2010-11-02 10:10:48.904,0,[],0
361,2010-11-02 11:50:23.160,0,[],0
362,2010-11-02 13:29:51.492,0,[],0
363,2010-11-02 15:08:14.219,0,[],0
364,2010-11-02 16:46:23.241,0,[],0
365,2010-11-02 18:23:19.149,0,[],0
366,2010-11-02 20:00:23.294,0,[],0
367,2010-11-02 21:37:21.513,0,[],0
368,2010-11-02 23:14:23.347,0,[],0
369,2010-11-03 00:51:17.704,1,"[{'lat': -4.617, 'long': 134.071, 'Time': Timestamp('2010-11-03 11:18:15'), 'mag': 6.0}]",1
370,2010-11-03 04:08:24.399,0,[],0
371,2010-11-03 05:46:26.189,0,[],0
372,2010-11-03 07:24:55.446,0,[],0
373,2010-11-03 09:01:51.934,0,[],0
374,2010-11-03 13:59:52.039,0,[],0
375,2010-11-03 15:38:19.978,0,[],0
376,2010-11-03 17:16:24.011,0,[],0
377,2010-11-03 18:53:20.143,0,[],0
378,2010-11-03 20:30:24.065,0,[],0
379,2010-11-03 22:06:53.091,1,"[{'lat': -15.033, 'long': 167.558, 'Time': Timestamp('2010-11-04 03:48:40'), 'mag': 5.0}, {'lat': -17.618, 'long': 167.816, 'Time': Timestamp('2010-11-05 01:17:23'), 'mag': 5.1}]",2
380,2010-11-03 23:43:53.117,0,[],0
381,2010-11-04 01:21:18.791,0,[],0
382,2010-11-04 04:38:32.126,1,"[{'lat': 36.636, 'long': 87.506, 'Time': Timestamp('2010-11-06 02:12:43'), 'mag': 5.2}]",1
383,2010-11-04 06:16:21.539,0,[],0
384,2010-11-04 07:54:53.553,0,[],0
385,2010-11-04 09:32:20.376,0,[],0
386,2010-11-04 11:11:53.305,0,[],0
387,2010-11-04 12:51:22.964,0,[],0
388,2010-11-04 14:30:22.333,1,"[{'lat': -18.882, 'long': -69.293, 'Time': Timestamp('2010-11-06 12:15:42'), 'mag': 5.0}, {'lat': -18.882, 'long': -69.293, 'Time': Timestamp('2010-11-06 12:15:42'), 'mag': 5.0}]",2
389,2010-11-04 16:08:23.386,0,[],0
390,2010-11-04 17:45:53.412,0,[],0
391,2010-11-04 19:22:53.439,0,[],0
392,2010-11-04 20:58:54.994,0,[],0
393,2010-11-04 22:36:53.492,1,"[{'lat': 51.436, 'long': -176.683, 'Time': Timestamp('2010-11-05 10:04:00'), 'mag': 5.2}, {'lat': -17.618, 'long': 167.816, 'Time': Timestamp('2010-11-05 01:17:23'), 'mag': 5.1}]",2
394,2010-11-05 00:13:48.284,0,[],0
395,2010-11-05 03:30:27.087,0,[],0
396,2010-11-05 05:08:26.009,0,[],0
397,2010-11-05 06:46:56.918,0,[],0
398,2010-11-05 08:23:23.651,0,[],0
399,2010-11-05 10:02:50.777,0,[],0
400,2010-11-05 11:42:23.706,0,[],0
401,2010-11-05 13:21:52.037,0,[],0
402,2010-11-05 15:00:17.421,0,[],0
403,2010-11-05 16:38:23.786,0,[],0
404,2010-11-05 18:15:49.695,0,[],0
405,2010-11-05 19:52:21.496,0,[],0
406,2010-11-05 23:06:23.892,0,[],0
407,2010-11-06 00:43:23.919,1,"[{'lat': 46.598, 'long': 149.656, 'Time': Timestamp('2010-11-06 20:57:09'), 'mag': 5.3}, {'lat': 24.383, 'long': 141.588, 'Time': Timestamp('2010-11-07 19:26:49'), 'mag': 5.6}]",2
408,2010-11-06 04:00:24.832,0,[],0
409,2010-11-06 05:38:26.298,0,[],0
410,2010-11-06 07:16:55.545,0,[],0
411,2010-11-06 08:53:49.712,0,[],0
412,2010-11-06 12:12:53.107,0,[],0
413,2010-11-06 13:52:18.558,0,[],0
414,2010-11-06 15:30:54.244,0,[],0
415,2010-11-06 17:08:23.188,0,[],0
416,2010-11-06 18:45:19.207,0,[],0
417,2010-11-06 20:22:23.240,0,[],0
418,2010-11-06 21:59:23.267,0,[],0
419,2010-11-06 23:36:23.293,0,[],0
420,2010-11-07 01:13:18.968,0,[],0
421,2010-11-07 04:30:26.990,0,[],0
422,2010-11-07 06:08:25.700,0,[],0
423,2010-11-07 07:46:57.825,0,[],0
424,2010-11-07 09:24:21.880,0,[],0
425,2010-11-07 11:03:53.481,0,[],0
426,2010-11-07 12:43:23.140,0,[],0
427,2010-11-07 14:22:21.069,0,[],0
428,2010-11-07 16:00:53.205,0,[],0
429,2010-11-07 17:38:23.588,0,[],0
430,2010-11-07 19:15:23.928,0,[],0
431,2010-11-07 20:50:55.170,1,"[{'lat': -14.946, 'long': -173.671, 'Time': Timestamp('2010-11-09 13:05:07'), 'mag': 5.2}]",1
432,2010-11-07 22:28:53.668,0,[],0
433,2010-11-08 00:05:51.015,1,"[{'lat': 12.704, 'long': 143.933, 'Time': Timestamp('2010-11-08 06:07:58'), 'mag': 5.2}, {'lat': -4.176, 'long': 142.202, 'Time': Timestamp('2010-11-08 21:40:10'), 'mag': 5.4}]",2
434,2010-11-08 01:43:24.792,0,[],0
435,2010-11-08 03:22:54.607,1,"[{'lat': -1.735, 'long': 99.417, 'Time': Timestamp('2010-11-09 11:16:50'), 'mag': 5.4}]",1
436,2010-11-08 05:00:26.185,1,"[{'lat': -17.409, 'long': 66.073, 'Time': Timestamp('2010-11-08 12:28:33'), 'mag': 5.0}]",1
437,2010-11-08 06:38:57.094,0,[],0
438,2010-11-08 08:15:20.815,0,[],0
439,2010-11-08 09:54:55.049,0,[],0
440,2010-11-08 11:34:23.882,0,[],0
441,2010-11-08 13:13:52.213,0,[],0
442,2010-11-08 14:52:20.253,0,[],0
443,2010-11-08 16:30:23.606,0,[],0
444,2010-11-08 18:07:53.990,0,[],0
445,2010-11-08 19:44:24.016,0,[],0
446,2010-11-08 21:21:54.042,1,"[{'lat': -14.946, 'long': -173.671, 'Time': Timestamp('2010-11-09 13:05:07'), 'mag': 5.2}, {'lat': -28.782, 'long': -178.436, 'Time': Timestamp('2010-11-10 11:43:47'), 'mag': 5.3}]",2
447,2010-11-08 22:58:24.068,0,[],0
448,2010-11-09 00:35:50.629,0,[],0
449,2010-11-09 03:52:54.008,0,[],0
450,2010-11-09 05:30:24.147,1,"[{'lat': 36.746, 'long': 70.895, 'Time': Timestamp('2010-11-10 20:41:01'), 'mag': 5.2}]",1
451,2010-11-09 07:08:52.399,0,[],0
452,2010-11-09 08:45:50.216,0,[],0
453,2010-11-09 12:04:53.283,0,[],0
454,2010-11-09 13:44:22.942,0,[],0
455,2010-11-09 15:22:48.884,1,"[{'lat': 5.946, 'long': -82.571, 'Time': Timestamp('2010-11-10 23:48:38'), 'mag': 5.7}]",1
456,2010-11-09 17:00:24.447,0,[],0
457,2010-11-09 18:37:53.390,0,[],0
458,2010-11-09 20:14:23.417,0,[],0
459,2010-11-09 21:51:23.443,0,[],0
460,2010-11-09 23:28:23.469,1,"[{'lat': -6.276, 'long': 154.74, 'Time': Timestamp('2010-11-11 20:29:57'), 'mag': 5.6}]",1
461,2010-11-10 01:05:20.472,1,"[{'lat': 0.457, 'long': 126.11, 'Time': Timestamp('2010-11-10 03:09:26'), 'mag': 5.3}]",1
462,2010-11-10 04:22:55.838,0,[],0
463,2010-11-10 07:37:18.257,0,[],0
464,2010-11-10 09:16:22.056,1,"[{'lat': -55.746, 'long': -4.768, 'Time': Timestamp('2010-11-10 13:25:38'), 'mag': 5.2}]",1
465,2010-11-10 10:55:53.657,0,[],0
466,2010-11-10 12:35:25.008,0,[],0
467,2010-11-10 14:14:16.177,0,[],0
468,2010-11-10 15:52:54.073,0,[],0
469,2010-11-10 17:30:23.128,0,[],0
470,2010-11-10 19:07:23.155,0,[],0
471,2010-11-10 22:20:53.207,1,"[{'lat': 52.829, 'long': -169.805, 'Time': Timestamp('2010-11-12 09:46:16'), 'mag': 5.3}, {'lat': 52.829, 'long': -169.805, 'Time': Timestamp('2010-11-12 09:46:16'), 'mag': 5.3}]",2
472,2010-11-11 03:14:49.605,0,[],0
473,2010-11-11 04:53:02.243,0,[],0
474,2010-11-11 06:30:52.984,0,[],0
475,2010-11-11 08:09:24.562,0,[],0
476,2010-11-11 09:46:54.589,0,[],0
477,2010-11-11 11:26:23.421,0,[],0
478,2010-11-11 13:05:51.753,0,[],0
479,2010-11-11 14:44:49.793,1,"[{'lat': 17.874, 'long': -68.541, 'Time': Timestamp('2010-11-13 04:35:39'), 'mag': 5.4}, {'lat': 17.874, 'long': -68.541, 'Time': Timestamp('2010-11-13 04:35:39'), 'mag': 5.4}]",2
480,2010-11-11 16:22:51.817,1,"[{'lat': -35.958, 'long': -102.21, 'Time': Timestamp('2010-11-12 19:01:29'), 'mag': 5.8}]",1
481,2010-11-11 18:00:23.529,0,[],0
482,2010-11-11 19:36:23.555,0,[],0
483,2010-11-11 21:13:53.582,1,"[{'lat': -30.118, 'long': -177.186, 'Time': Timestamp('2010-11-12 21:16:41'), 'mag': 5.3}, {'lat': -30.118, 'long': -177.186, 'Time': Timestamp('2010-11-12 21:16:41'), 'mag': 5.3}]",2
484,2010-11-11 22:50:53.608,0,[],0
485,2010-11-12 00:27:52.496,0,[],0
486,2010-11-12 05:22:54.798,1,"[{'lat': -6.98, 'long': 68.087, 'Time': Timestamp('2010-11-13 23:03:28'), 'mag': 5.1}]",1
487,2010-11-12 07:00:52.939,1,"[{'lat': 11.984, 'long': 43.963, 'Time': Timestamp('2010-11-14 06:32:27'), 'mag': 5.5}]",1
488,2010-11-12 08:37:50.755,0,[],0
489,2010-11-12 11:56:53.822,0,[],0
490,2010-11-12 13:36:24.921,0,[],0
491,2010-11-12 15:14:48.977,0,[],0
492,2010-11-12 16:52:50.890,0,[],0
493,2010-11-12 18:29:48.483,0,[],0
494,2010-11-12 20:06:53.956,0,[],0
495,2010-11-12 21:43:19.407,0,[],0
496,2010-11-12 23:20:24.009,0,[],0
497,2010-11-13 00:57:51.022,1,"[{'lat': 34.036, 'long': 141.373, 'Time': Timestamp('2010-11-14 06:10:29'), 'mag': 5.0}]",1
498,2010-11-13 04:14:54.060,0,[],0
499,2010-11-13 05:52:51.543,1,"[{'lat': 34.549, 'long': 70.458, 'Time': Timestamp('2010-11-15 00:51:56'), 'mag': 5.2}]",1
500,2010-11-13 07:31:25.107,0,[],0
501,2010-11-13 09:08:20.268,0,[],0
502,2010-11-13 10:47:53.197,1,"[{'lat': -0.158, 'long': -18.102, 'Time': Timestamp('2010-11-14 11:21:43'), 'mag': 5.3}, {'lat': -0.158, 'long': -18.102, 'Time': Timestamp('2010-11-14 11:21:43'), 'mag': 5.3}]",2
503,2010-11-13 12:27:21.305,0,[],0
504,2010-11-13 14:06:20.338,1,"[{'lat': -22.722, 'long': -66.634, 'Time': Timestamp('2010-11-14 22:59:51'), 'mag': 5.1}]",1
505,2010-11-13 15:44:50.487,0,[],0
506,2010-11-13 17:22:23.304,0,[],0
507,2010-11-13 18:59:23.330,0,[],0
508,2010-11-13 20:36:23.357,0,[],0
509,2010-11-13 22:13:23.384,0,[],0
510,2010-11-13 23:50:19.504,0,[],0
511,2010-11-14 03:06:54.323,1,"[{'lat': -3.112, 'long': 101.266, 'Time': Timestamp('2010-11-15 20:55:00'), 'mag': 5.0}]",1
512,2010-11-14 04:44:53.011,0,[],0
513,2010-11-14 06:22:54.488,0,[],0
514,2010-11-14 08:01:25.285,0,[],0
515,2010-11-14 09:38:50.668,0,[],0
516,2010-11-14 11:18:23.598,1,"[{'lat': -0.158, 'long': -18.102, 'Time': Timestamp('2010-11-14 11:21:43'), 'mag': 5.3}]",1
517,2010-11-14 12:57:53.257,0,[],0
518,2010-11-14 14:36:51.297,0,[],0
519,2010-11-14 17:52:23.705,0,[],0
520,2010-11-14 21:05:53.758,0,[],0
521,2010-11-14 22:42:53.784,0,[],0
522,2010-11-15 00:19:52.673,1,"[{'lat': 51.733, 'long': 159.165, 'Time': Timestamp('2010-11-16 10:10:51'), 'mag': 5.4}, {'lat': 51.733, 'long': 159.165, 'Time': Timestamp('2010-11-16 10:10:51'), 'mag': 5.4}, {'lat': -1.99, 'long': 139.017, 'Time': Timestamp('2010-11-16 01:39:42'), 'mag': 5.9}, {'lat': -1.99, 'long': 139.017, 'Time': Timestamp('2010-11-16 01:39:42'), 'mag': 5.9}]",4
523,2010-11-15 05:14:54.974,1,"[{'lat': -3.005, 'long': 68.125, 'Time': Timestamp('2010-11-16 18:44:38'), 'mag': 5.5}, {'lat': -27.819, 'long': 64.554, 'Time': Timestamp('2010-11-16 20:18:31'), 'mag': 5.0}, {'lat': -27.819, 'long': 64.554, 'Time': Timestamp('2010-11-16 20:18:31'), 'mag': 5.0}]",3
524,2010-11-15 06:52:53.114,1,"[{'lat': 11.934, 'long': 44.001, 'Time': Timestamp('2010-11-15 07:36:06'), 'mag': 5.0}, {'lat': 11.945, 'long': 43.973, 'Time': Timestamp('2010-11-16 02:06:55'), 'mag': 5.1}]",2
525,2010-11-15 08:29:50.931,0,[],0
526,2010-11-15 11:48:53.998,0,[],0
527,2010-11-15 13:28:22.330,0,[],0
528,2010-11-15 15:06:53.249,0,[],0
529,2010-11-15 16:44:51.394,0,[],0
530,2010-11-15 18:21:48.988,0,[],0
531,2010-11-15 19:58:53.132,0,[],0
532,2010-11-15 21:35:51.351,0,[],0
533,2010-11-15 23:12:53.185,0,[],0
534,2010-11-16 00:49:47.542,1,"[{'lat': -1.99, 'long': 139.017, 'Time': Timestamp('2010-11-16 01:39:42'), 'mag': 5.9}, {'lat': -5.897, 'long': 130.7, 'Time': Timestamp('2010-11-16 20:06:38'), 'mag': 5.4}, {'lat': -7.797, 'long': 129.446, 'Time': Timestamp('2010-11-17 15:53:31'), 'mag': 5.9}, {'lat': -7.797, 'long': 129.446, 'Time': Timestamp('2010-11-17 15:53:31'), 'mag': 5.9}]",4
535,2010-11-16 04:06:54.236,0,[],0
536,2010-11-16 05:44:56.026,0,[],0
537,2010-11-16 07:23:23.509,1,"[{'lat': 12.009, 'long': 43.986, 'Time': Timestamp('2010-11-18 01:56:53'), 'mag': 5.0}]",1
538,2010-11-16 09:00:21.772,0,[],0
539,2010-11-16 15:36:49.112,0,[],0
540,2010-11-16 17:14:53.480,0,[],0
541,2010-11-16 18:51:49.611,0,[],0
542,2010-11-16 20:28:23.533,0,[],0
543,2010-11-16 22:05:23.559,0,[],0
544,2010-11-16 23:42:23.586,0,[],0
545,2010-11-17 01:19:49.260,1,"[{'lat': -7.797, 'long': 129.446, 'Time': Timestamp('2010-11-17 15:53:31'), 'mag': 5.9}, {'lat': -4.933, 'long': 126.647, 'Time': Timestamp('2010-11-18 05:05:37'), 'mag': 5.0}, {'lat': -7.797, 'long': 129.446, 'Time': Timestamp('2010-11-17 15:53:31'), 'mag': 5.9}]",3
546,2010-11-17 02:58:56.051,0,[],0
547,2010-11-17 04:37:02.595,0,[],0
548,2010-11-17 06:14:53.336,0,[],0
549,2010-11-17 07:53:24.021,0,[],0
550,2010-11-17 09:30:50.845,0,[],0
551,2010-11-17 11:10:23.774,0,[],0
552,2010-11-17 12:49:52.802,0,[],0
553,2010-11-17 14:28:52.170,1,"[{'lat': -15.692, 'long': -74.87, 'Time': Timestamp('2010-11-17 19:38:01'), 'mag': 5.3}, {'lat': -15.684, 'long': -74.735, 'Time': Timestamp('2010-11-18 01:31:51'), 'mag': 5.1}]",2
554,2010-11-17 16:06:50.099,0,[],0
555,2010-11-17 17:44:23.250,0,[],0
556,2010-11-17 19:21:23.276,0,[],0
557,2010-11-17 20:58:23.303,0,[],0
558,2010-11-17 22:34:53.330,0,[],0
559,2010-11-18 00:12:18.122,0,[],0
560,2010-11-18 03:28:54.269,0,[],0
561,2010-11-18 05:06:55.847,0,[],0
562,2010-11-18 06:44:56.756,0,[],0
563,2010-11-18 08:21:53.490,0,[],0
564,2010-11-18 10:01:19.287,0,[],0
565,2010-11-18 11:40:53.544,0,[],0
566,2010-11-18 13:20:21.875,0,[],0
567,2010-11-18 14:58:51.355,0,[],0
568,2010-11-18 16:36:53.267,0,[],0
569,2010-11-18 18:14:19.533,0,[],0
570,2010-11-18 19:51:23.677,0,[],0
571,2010-11-18 21:27:50.568,1,"[{'lat': -20.483, 'long': -173.982, 'Time': Timestamp('2010-11-20 20:40:23'), 'mag': 5.1}]",1
572,2010-11-18 23:04:53.731,0,[],0
573,2010-11-19 00:41:53.757,0,[],0
574,2010-11-19 03:58:54.670,0,[],0
575,2010-11-19 05:36:56.137,0,[],0
576,2010-11-19 07:15:25.829,0,[],0
577,2010-11-19 08:52:24.973,0,[],0
578,2010-11-19 10:31:55.112,0,[],0
579,2010-11-19 12:11:23.945,0,[],0
580,2010-11-19 13:50:17.957,0,[],0
581,2010-11-19 15:28:51.097,0,[],0
582,2010-11-19 17:06:53.780,0,[],0
583,2010-11-19 18:43:50.045,0,[],0
584,2010-11-19 20:20:54.079,0,[],0
585,2010-11-19 21:57:23.105,0,[],0
586,2010-11-19 23:34:23.131,0,[],0
587,2010-11-20 01:11:48.806,0,[],0
588,2010-11-20 04:28:56.828,0,[],0
589,2010-11-20 06:06:51.441,0,[],0
590,2010-11-20 07:45:27.662,0,[],0
591,2010-11-20 11:02:23.319,0,[],0
592,2010-11-20 12:41:51.538,1,"[{'lat': 8.132, 'long': -39.396, 'Time': Timestamp('2010-11-22 05:09:51'), 'mag': 5.3}, {'lat': 8.132, 'long': -39.396, 'Time': Timestamp('2010-11-22 05:09:51'), 'mag': 5.3}]",2
593,2010-11-20 14:20:49.355,0,[],0
594,2010-11-20 15:58:54.371,0,[],0
595,2010-11-20 17:36:23.426,1,"[{'lat': -54.967, 'long': -131.479, 'Time': Timestamp('2010-11-21 04:36:31'), 'mag': 6.0}, {'lat': -54.645, 'long': -131.571, 'Time': Timestamp('2010-11-21 04:58:26'), 'mag': 5.3}, {'lat': -54.476, 'long': -131.937, 'Time': Timestamp('2010-11-21 08:41:48'), 'mag': 5.0}, {'lat': -54.967, 'long': -131.479, 'Time': Timestamp('2010-11-21 04:36:31'), 'mag': 6.0}, {'lat': -54.645, 'long': -131.571, 'Time': Timestamp('2010-11-21 04:58:26'), 'mag': 5.3}, {'lat': -54.476, 'long': -131.937, 'Time': Timestamp('2010-11-21 08:41:48'), 'mag': 5.0}]",6
596,2010-11-20 19:13:53.766,1,"[{'lat': 43.571, 'long': -127.23, 'Time': Timestamp('2010-11-21 23:46:35'), 'mag': 5.0}, {'lat': 43.571, 'long': -127.23, 'Time': Timestamp('2010-11-21 23:46:35'), 'mag': 5.0}]",2
597,2010-11-20 22:27:23.505,1,"[{'lat': -18.745, 'long': 169.28, 'Time': Timestamp('2010-11-22 14:12:56'), 'mag': 5.1}]",1
598,2010-11-21 00:04:18.298,0,[],0
599,2010-11-21 03:21:23.117,1,"[{'lat': 6.443, 'long': 95.739, 'Time': Timestamp('2010-11-21 22:51:41'), 'mag': 5.0}]",1
600,2010-11-21 04:58:56.023,0,[],0
601,2010-11-21 06:37:26.932,0,[],0
602,2010-11-21 08:13:50.652,0,[],0
603,2010-11-21 09:53:20.791,0,[],0
604,2010-11-21 11:32:53.720,0,[],0
605,2010-11-21 13:12:23.747,0,[],0
606,2010-11-21 14:50:54.187,0,[],0
607,2010-11-21 16:28:53.444,0,[],0
608,2010-11-21 18:06:23.827,0,[],0
609,2010-11-21 19:43:23.853,0,[],0
610,2010-11-21 21:19:53.880,1,"[{'lat': -15.54, 'long': -172.8, 'Time': Timestamp('2010-11-23 00:38:20'), 'mag': 5.0}, {'lat': -15.54, 'long': -172.8, 'Time': Timestamp('2010-11-23 00:38:20'), 'mag': 5.0}, {'lat': -22.69, 'long': -174.945, 'Time': Timestamp('2010-11-23 20:23:07'), 'mag': 5.0}, {'lat': -22.69, 'long': -174.945, 'Time': Timestamp('2010-11-23 20:23:07'), 'mag': 5.0}]",4
611,2010-11-21 22:56:53.906,1,"[{'lat': -55.716, 'long': 146.729, 'Time': Timestamp('2010-11-23 15:55:13'), 'mag': 5.3}]",1
612,2010-11-22 00:33:48.698,0,[],0
613,2010-11-22 03:50:54.846,0,[],0
614,2010-11-22 05:28:54.984,0,[],0
615,2010-11-22 07:07:23.237,0,[],0
616,2010-11-22 08:44:21.054,0,[],0
617,2010-11-22 10:23:50.192,0,[],0
618,2010-11-22 12:03:23.121,0,[],0
619,2010-11-22 13:42:21.340,0,[],0
620,2010-11-22 15:21:21.378,0,[],0
621,2010-11-22 16:58:50.412,1,"[{'lat': 16.418, 'long': -98.628, 'Time': Timestamp('2010-11-24 14:01:18'), 'mag': 5.0}]",1
622,2010-11-22 18:36:23.228,0,[],0
623,2010-11-22 20:12:53.254,0,[],0
624,2010-11-22 21:49:53.281,0,[],0
625,2010-11-26 09:06:54.062,0,[],0
626,2010-11-26 10:46:23.089,0,[],0
627,2010-11-26 12:25:53.116,0,[],0
628,2010-11-26 14:04:53.143,1,"[{'lat': -34.672, 'long': -72.043, 'Time': Timestamp('2010-11-28 08:19:45'), 'mag': 5.3}]",1
629,2010-11-26 15:43:24.252,1,"[{'lat': -40.314, 'long': -91.728, 'Time': Timestamp('2010-11-26 21:48:01'), 'mag': 5.0}]",1
630,2010-11-26 17:20:53.197,0,[],0
631,2010-11-26 18:57:53.223,0,[],0
632,2010-11-26 20:34:53.249,0,[],0
633,2010-11-26 22:11:53.276,0,[],0
634,2010-11-26 23:48:53.303,1,"[{'lat': 55.123, 'long': 160.378, 'Time': Timestamp('2010-11-27 19:29:38'), 'mag': 5.1}]",1
635,2010-11-27 01:25:50.304,1,"[{'lat': 3.862, 'long': 128.071, 'Time': Timestamp('2010-11-27 18:11:13'), 'mag': 5.7}, {'lat': 3.849, 'long': 127.863, 'Time': Timestamp('2010-11-27 20:48:37'), 'mag': 5.2}]",2
636,2010-11-27 04:43:26.262,0,[],0
637,2010-11-27 06:21:26.289,0,[],0
638,2010-11-27 07:59:56.316,0,[],0
639,2010-11-27 09:36:53.463,0,[],0
640,2010-11-27 11:16:53.490,0,[],0
641,2010-11-27 12:56:23.517,0,[],0
642,2010-11-27 14:35:22.082,1,"[{'lat': -14.76, 'long': -71.429, 'Time': Timestamp('2010-11-28 14:49:22'), 'mag': 5.0}]",1
643,2010-11-27 16:13:20.557,0,[],0
644,2010-11-27 19:27:53.624,0,[],0
645,2010-11-27 21:04:23.651,1,"[{'lat': -16.66, 'long': -174.219, 'Time': Timestamp('2010-11-29 20:11:50'), 'mag': 5.1}, {'lat': -16.66, 'long': -174.219, 'Time': Timestamp('2010-11-29 20:11:50'), 'mag': 5.1}]",2
646,2010-11-27 22:41:23.677,0,[],0
647,2010-11-28 00:18:23.703,0,[],0
648,2010-11-28 05:13:26.663,0,[],0
649,2010-11-28 06:51:26.690,0,[],0
650,2010-11-28 08:28:23.837,0,[],0
651,2010-11-28 10:07:53.864,0,[],0
652,2010-12-02 08:50:23.494,0,[],0
653,2010-12-02 10:29:53.766,0,[],0
654,2010-12-02 12:09:53.794,0,[],0
655,2010-12-02 13:48:53.820,0,[],0
656,2010-12-02 15:27:22.162,0,[],0
657,2010-12-02 17:05:23.964,0,[],0
658,2010-12-02 18:42:23.901,0,[],0
659,2010-12-02 20:19:23.927,0,[],0
660,2010-12-02 21:55:53.953,1,"[{'lat': 52.051, 'long': -169.564, 'Time': Timestamp('2010-12-04 20:02:41'), 'mag': 5.1}, {'lat': 52.051, 'long': -169.564, 'Time': Timestamp('2010-12-04 20:02:41'), 'mag': 5.1}]",2
661,2010-12-02 23:32:53.980,1,"[{'lat': -5.836, 'long': 153.484, 'Time': Timestamp('2010-12-04 08:28:12'), 'mag': 5.1}]",1
662,2010-12-03 01:10:23.750,1,"[{'lat': -6.409, 'long': 130.473, 'Time': Timestamp('2010-12-04 12:55:11'), 'mag': 5.4}, {'lat': -49.308, 'long': 120.642, 'Time': Timestamp('2010-12-04 05:57:54'), 'mag': 5.0}]",2
663,2010-12-03 04:27:26.940,0,[],0
664,2010-12-03 12:40:23.195,0,[],0
665,2010-12-03 14:19:17.664,0,[],0
666,2010-12-03 15:57:21.564,0,[],0
667,2010-12-03 17:34:53.275,1,"[{'lat': 25.433, 'long': -109.904, 'Time': Timestamp('2010-12-04 23:56:23'), 'mag': 5.0}]",1
668,2010-12-03 19:11:53.301,0,[],0
669,2010-12-03 20:48:53.328,0,[],0
670,2010-12-03 22:25:53.354,1,"[{'lat': 52.051, 'long': -169.564, 'Time': Timestamp('2010-12-04 20:02:41'), 'mag': 5.1}]",1
671,2010-12-04 00:02:53.381,1,"[{'lat': 48.921, 'long': 154.913, 'Time': Timestamp('2010-12-05 08:50:32'), 'mag': 5.4}]",1
672,2010-12-04 04:57:26.341,0,[],0
673,2010-12-04 06:35:26.367,0,[],0
674,2010-12-04 08:12:23.515,0,[],0
675,2010-12-04 09:51:23.541,0,[],0
676,2010-12-04 11:31:23.569,0,[],0
677,2010-12-04 13:10:23.596,0,[],0
678,2010-12-04 14:49:21.938,0,[],0
679,2010-12-04 16:27:21.964,0,[],0
680,2010-12-04 18:04:53.676,0,[],0
681,2010-12-04 19:41:53.703,0,[],0
682,2010-12-04 21:18:23.729,0,[],0
683,2010-12-04 22:55:23.755,0,[],0
684,2010-12-05 00:32:23.782,1,"[{'lat': 48.921, 'long': 154.913, 'Time': Timestamp('2010-12-05 08:50:32'), 'mag': 5.4}]",1
685,2010-12-05 03:49:26.715,0,[],0
686,2010-12-05 05:27:26.742,0,[],0
687,2010-12-05 07:05:56.769,0,[],0
688,2010-12-05 08:42:23.916,0,[],0
689,2010-12-05 10:21:49.825,1,"[{'lat': -55.784, 'long': -26.709, 'Time': Timestamp('2010-12-07 09:38:32'), 'mag': 5.0}]",1
690,2010-12-05 12:01:53.970,0,[],0
691,2010-12-05 13:40:53.997,0,[],0
692,2010-12-05 15:19:22.339,0,[],0
693,2010-12-05 16:57:21.261,0,[],0
694,2010-12-05 18:34:24.078,0,[],0
695,2010-12-05 20:11:23.104,0,[],0
696,2010-12-05 21:47:53.130,0,[],0
697,2010-12-05 23:24:53.157,1,"[{'lat': 54.316, 'long': 169.022, 'Time': Timestamp('2010-12-07 18:09:51'), 'mag': 5.4}, {'lat': 54.356, 'long': 169.128, 'Time': Timestamp('2010-12-07 18:17:39'), 'mag': 5.8}]",2
698,2010-12-06 01:02:22.927,1,"[{'lat': 40.904, 'long': 142.967, 'Time': Timestamp('2010-12-06 07:30:32'), 'mag': 5.7}, {'lat': -8.912, 'long': 127.081, 'Time': Timestamp('2010-12-06 01:55:38'), 'mag': 5.1}, {'lat': -8.912, 'long': 127.081, 'Time': Timestamp('2010-12-06 01:55:38'), 'mag': 5.1}]",3
699,2010-12-06 04:19:26.117,0,[],0
700,2010-12-06 05:57:26.143,0,[],0
701,2010-12-06 07:35:56.170,0,[],0
702,2010-12-06 09:12:53.317,0,[],0
703,2010-12-06 10:52:23.344,1,"[{'lat': -55.784, 'long': -26.709, 'Time': Timestamp('2010-12-07 09:38:32'), 'mag': 5.0}]",1
704,2010-12-06 12:32:23.371,0,[],0
705,2010-12-06 14:11:23.399,0,[],0
706,2010-12-06 15:49:21.740,0,[],0
707,2010-12-06 17:26:53.452,0,[],0
708,2010-12-06 19:04:23.479,0,[],0
709,2010-12-06 20:40:53.505,0,[],0
710,2010-12-06 22:17:53.531,0,[],0
711,2010-12-06 23:54:53.557,0,[],0
712,2010-12-07 04:49:26.517,0,[],0
713,2010-12-07 06:27:26.544,0,[],0
714,2010-12-07 08:04:23.692,0,[],0
715,2010-12-07 11:22:53.745,0,[],0
716,2010-12-07 13:02:23.773,0,[],0
717,2010-12-07 14:41:22.337,0,[],0
718,2010-12-07 19:33:53.879,0,[],0
719,2010-12-07 22:47:23.933,0,[],0
720,2010-12-08 00:24:23.959,0,[],0
721,2010-12-08 03:41:26.892,0,[],0
722,2010-12-08 05:19:26.919,1,"[{'lat': 39.358, 'long': 72.86, 'Time': Timestamp('2010-12-08 08:21:33'), 'mag': 5.5}, {'lat': 31.53, 'long': 70.083, 'Time': Timestamp('2010-12-09 23:17:32'), 'mag': 5.4}]",2
723,2010-12-08 06:57:56.945,0,[],0
724,2010-12-08 08:34:23.092,0,[],0
725,2010-12-08 15:11:21.888,0,[],0
726,2010-12-08 16:49:23.354,0,[],0
727,2010-12-08 18:26:23.626,0,[],0
728,2010-12-08 20:03:23.653,0,[],0
729,2010-12-08 21:40:23.679,0,[],0
730,2010-12-08 23:17:23.705,0,[],0
731,2010-12-09 00:54:23.732,0,[],0
732,2010-12-09 04:11:26.666,1,"[{'lat': -37.372, 'long': 78.078, 'Time': Timestamp('2010-12-10 10:13:43'), 'mag': 5.2}]",1
733,2010-12-09 05:49:26.548,1,"[{'lat': 31.53, 'long': 70.083, 'Time': Timestamp('2010-12-09 23:17:32'), 'mag': 5.4}, {'lat': 31.53, 'long': 70.083, 'Time': Timestamp('2010-12-09 23:17:32'), 'mag': 5.4}]",2
734,2010-12-09 07:27:56.719,0,[],0
735,2010-12-09 09:04:53.866,0,[],0
736,2010-12-09 10:44:23.893,1,"[{'lat': -56.4, 'long': -25.725, 'Time': Timestamp('2010-12-09 14:40:07'), 'mag': 5.4}]",1
737,2010-12-09 12:23:53.921,0,[],0
738,2010-12-09 14:03:23.948,0,[],0
739,2010-12-09 15:41:22.289,0,[],0
740,2010-12-09 17:19:24.001,0,[],0
741,2010-12-09 18:56:24.028,0,[],0
742,2010-12-15 08:48:52.974,0,[],0
743,2010-12-15 10:28:23.246,0,[],0
744,2010-12-15 12:07:53.648,0,[],0
745,2010-12-15 13:47:23.676,0,[],0
746,2010-12-15 15:25:54.785,0,[],0
747,2010-12-15 17:03:21.051,1,"[{'lat': 19.517, 'long': -108.947, 'Time': Timestamp('2010-12-17 04:12:12'), 'mag': 5.3}, {'lat': -55.256, 'long': -129.917, 'Time': Timestamp('2010-12-17 12:42:02'), 'mag': 5.4}]",2
748,2010-12-15 18:40:23.756,0,[],0
749,2010-12-15 20:17:23.782,0,[],0
750,2010-12-15 21:54:23.808,1,"[{'lat': -22.517, 'long': 169.51, 'Time': Timestamp('2010-12-16 14:03:06'), 'mag': 5.0}]",1
751,2010-12-15 23:31:23.834,1,"[{'lat': -6.324, 'long': 149.315, 'Time': Timestamp('2010-12-16 18:26:05'), 'mag': 5.0}]",1
752,2010-12-16 01:08:20.837,1,"[{'lat': -3.105, 'long': 129.735, 'Time': Timestamp('2010-12-16 21:42:59'), 'mag': 5.0}, {'lat': -6.48, 'long': 129.996, 'Time': Timestamp('2010-12-17 13:22:45'), 'mag': 5.5}]",2
753,2010-12-16 07:41:56.227,0,[],0
754,2010-12-16 09:19:23.995,1,"[{'lat': 37.28, 'long': 20.22, 'Time': Timestamp('2010-12-18 06:05:41'), 'mag': 5.0}]",1
755,2010-12-16 10:58:54.022,0,[],0
756,2010-12-16 12:38:24.050,0,[],0
757,2010-12-16 14:17:19.847,1,"[{'lat': -8.501, 'long': -71.46, 'Time': Timestamp('2010-12-17 22:14:26'), 'mag': 5.2}]",1
758,2010-12-16 15:55:50.090,0,[],0
